id,title,neg_norm,ntrl_norm,pos_norm
vzcwal,the princess,0.23809523809523808,0.09523809523809523,0.6666666666666666
vzcw0a,the man from toronto,0.4090909090909091,0.36363636363636365,0.22727272727272727
vzcvsd,the sea beast,0.24,0.12,0.64
vzcvkz,mrs harris goes to paris,0.18181818181818182,0.22727272727272727,0.5909090909090909
vzcv66,where the crawdads sing,0.3068181818181818,0.22727272727272727,0.4659090909090909
vzcuye,paws of fury: the legend of hank,0.4838709677419355,0.22580645161290322,0.2903225806451613
vtzd6m,marcel the shell with shoes on,0.19,0.2,0.61
vtzc5e,thor: love and thunder,0.4583333333333333,0.3958333333333333,0.14583333333333334
vopah2,minions: the rise of gru,0.2727272727272727,0.2727272727272727,0.45454545454545453
vjd5tq,beavis and butt-head do the universe,0.19,0.18,0.63
vjd5ge,the black phone,0.43157894736842106,0.2,0.3684210526315789
vjd54g,elvis,0.2916666666666667,0.21875,0.4895833333333333
v8wvmk,dashcam,0.6842105263157895,0.0,0.3157894736842105
v8wvc0,fire island,0.28,0.08,0.64
v8wuz0,hustle,0.17346938775510204,0.22448979591836735,0.6020408163265306
v8wun8,jurassic world dominion,0.5979381443298969,0.2268041237113402,0.17525773195876287
v3p2wc,watcher,0.25,0.23684210526315788,0.5131578947368421
v3p2k0,rrr,0.14432989690721648,0.23711340206185566,0.6185567010309279
v3p27b,crimes of the future,0.5578947368421052,0.14736842105263157,0.29473684210526313
uynf6c,the bob's burgers movie,0.14432989690721648,0.18556701030927836,0.6701030927835051
uynerm,top gun: maverick,0.16494845360824742,0.12371134020618557,0.711340206185567
uueovq,emergency,0.5142857142857142,0.22857142857142856,0.2571428571428571
uueom8,the valet,0.06666666666666667,0.16666666666666666,0.7666666666666667
utjdh7,downton abbey: a new era,0.16666666666666666,0.2222222222222222,0.6111111111111112
utivoa,men,0.5729166666666666,0.28125,0.14583333333333334
uoh6wm,petite maman,0.25925925925925924,0.1111111111111111,0.6296296296296297
uoh5we,we're all going to the world's fair,0.40540540540540543,0.1891891891891892,0.40540540540540543
uoh4t9,firestarter,0.5,0.1836734693877551,0.3163265306122449
ujcuuw,doctor strange in the multiverse of madness,0.3838383838383838,0.32323232323232326,0.29292929292929293
ueb331,the survivor,0.25,0.25,0.5
ueb30t,hatching,0.4090909090909091,0.2727272727272727,0.3181818181818182
ueb2yk,memory,0.53125,0.1875,0.28125
u93kbr,the bad guys,0.2289156626506024,0.14457831325301204,0.6265060240963856
u93jxh,the unbearable weight of massive talent,0.18556701030927836,0.21649484536082475,0.5979381443298969
u93jj5,the northman,0.2857142857142857,0.2653061224489796,0.4489795918367347
t0tapr,studio 666,0.30985915492957744,0.2676056338028169,0.4225352112676056
tysxuy,everything everywhere all at once,0.1702127659574468,0.1702127659574468,0.6595744680851063
tysxfs,sonic the hedgehog 2,0.18181818181818182,0.13131313131313133,0.6868686868686869
tyu8dq,ambulance,0.36363636363636365,0.1111111111111111,0.5252525252525253
tyt8cc,you won't be alone,0.3333333333333333,0.19047619047619047,0.47619047619047616
tvh87q,apollo 10½: a space age childhood,0.2222222222222222,0.19444444444444445,0.5833333333333334
tupgzu,the bubble,0.6262626262626263,0.09090909090909091,0.2828282828282828
ttgq6x,morbius,0.5425531914893617,0.2872340425531915,0.1702127659574468
tnbhdb,the lost city,0.20408163265306123,0.24489795918367346,0.5510204081632653
ti2lp2,windfall,0.6024096385542169,0.1566265060240964,0.24096385542168675
thl0yn,deep water,0.6666666666666666,0.15151515151515152,0.18181818181818182
thl0fx,cheaper by the dozen,0.5128205128205128,0.2564102564102564,0.23076923076923078
thl1d3,umma,0.5,0.3333333333333333,0.16666666666666666
tgr7h0,x,0.3838383838383838,0.3333333333333333,0.2828282828282828
tgr8l7,jujutsu kaisen 0: the movie,0.21153846153846154,0.25,0.5384615384615384
tgr7r1,the outfit,0.25675675675675674,0.21621621621621623,0.527027027027027
tgr829,alice,0.5555555555555556,0.3333333333333333,0.1111111111111111
tc6wun,turning red,0.1919191919191919,0.1414141414141414,0.6666666666666666
tc6x92,the adam project,0.4020618556701031,0.18556701030927836,0.41237113402061853
t7pnt7,fresh,0.35,0.24,0.41
t7pnhs,after yang,0.13114754098360656,0.14754098360655737,0.7213114754098361
t7prod,against the ice,0.7272727272727273,0.09090909090909091,0.18181818181818182
t68wa3,the batman,0.19387755102040816,0.29591836734693877,0.5102040816326531
t68wqu,drive my car,0.16091954022988506,0.22988505747126436,0.6091954022988506
t4em6f,no exit,0.45454545454545453,0.12121212121212122,0.42424242424242425
t0ta7a,cyrano,0.2702702702702703,0.20270270270270271,0.527027027027027
sw0jcl,texas chainsaw massacre,0.5851063829787234,0.11702127659574468,0.2978723404255319
sw0jmn,big bug,0.3333333333333333,0.0,0.6666666666666666
sv786l,uncharted,0.3333333333333333,0.13541666666666666,0.53125
sv796z,dog,0.36065573770491804,0.13114754098360656,0.5081967213114754
sv79uy,i want you back,0.11428571428571428,0.14285714285714285,0.7428571428571429
sv78oi,the cursed,0.603448275862069,0.13793103448275862,0.25862068965517243
sqj5na,kimi,0.44329896907216493,0.1958762886597938,0.36082474226804123
spp4df,death on the nile,0.34375,0.28125,0.375
spq5on,marry me,0.27956989247311825,0.20430107526881722,0.5161290322580645
spp578,blacklight,0.575,0.25,0.175
sk2g57,jackass forever,0.25,0.15625,0.59375
sk2ms3,sundown,0.4117647058823529,0.23529411764705882,0.35294117647058826
s4a7gj,the tragedy of macbeth,0.13541666666666666,0.17708333333333334,0.6875
s4a7pn,belle,0.5053763440860215,0.10752688172043011,0.3870967741935484
s4a86d,hotel transylvania 4: transformania,0.42857142857142855,0.2653061224489796,0.30612244897959184
qjg3x9,army of thieves,0.38144329896907214,0.17525773195876287,0.44329896907216493
s3hhfw,the 355,0.5769230769230769,0.16666666666666666,0.2564102564102564
s3hh4h,scream,0.26804123711340205,0.26804123711340205,0.4639175257731959
rmf1h8,the matrix resurrections,0.5851063829787234,0.2978723404255319,0.11702127659574468
rmf0do,sing 2,0.1414141414141414,0.21212121212121213,0.6464646464646465
rlvt8t,swan song,0.17142857142857143,0.3142857142857143,0.5142857142857142
riy8ef,the unforgivable,0.5945945945945946,0.10810810810810811,0.2972972972972973
riy7d4,red rocket,0.28125,0.2604166666666667,0.4583333333333333
riy71t,the hand of god,0.32,0.12,0.56
ri7eum,spider-man: no way home,0.20618556701030927,0.26804123711340205,0.5257731958762887
rcyr5c,west side story,0.22105263157894736,0.16842105263157894,0.6105263157894737
rcyqse,don't look up,0.32608695652173914,0.2608695652173913,0.41304347826086957
r8fyt1,silent night,0.6206896551724138,0.06896551724137931,0.3103448275862069
r7oq0f,benedetta,0.34285714285714286,0.2857142857142857,0.37142857142857144
r1mrog,bruised,0.5666666666666667,0.2,0.23333333333333334
r0uxbw,house of gucci,0.4536082474226804,0.29896907216494845,0.24742268041237114
r0uwkl,resident evil: welcome to raccoon city,0.6041666666666666,0.13541666666666666,0.2604166666666667
r0uw64,c'mon c'mon,0.15873015873015872,0.14285714285714285,0.6984126984126984
qxv3pk,king richard,0.29292929292929293,0.16161616161616163,0.5454545454545454
qxv2z3,"tick, tick... boom!",0.17346938775510204,0.14285714285714285,0.6836734693877551
qx6sxk,ghostbusters: afterlife,0.18085106382978725,0.23404255319148937,0.5851063829787234
qsrnti,red notice,0.46875,0.28125,0.25
qsrn45,home sweet home alone,0.6875,0.13541666666666666,0.17708333333333334
qs2avj,clifford the big red dog,0.26666666666666666,0.31666666666666665,0.4166666666666667
qs2ai3,belfast,0.32051282051282054,0.11538461538461539,0.5641025641025641
qs29x3,the beta test,0.19444444444444445,0.2222222222222222,0.5833333333333334
qs29nl,passing,0.32,0.22,0.46
qn0r8w,the harder they fall,0.35789473684210527,0.17894736842105263,0.4631578947368421
qn0qxx,finch,0.35051546391752575,0.1958762886597938,0.4536082474226804
qn0qjp,spencer,0.3979591836734694,0.12244897959183673,0.47959183673469385
qn0q4y,eternals,0.37894736842105264,0.3368421052631579,0.28421052631578947
qi2en7,antlers,0.4897959183673469,0.23469387755102042,0.2755102040816326
qi2eao,the french dispatch,0.3402061855670103,0.14432989690721648,0.5154639175257731
qd6vqv,dune,0.36597938144329895,0.20103092783505155,0.4329896907216495
qd6w61,ron's gone wrong,0.33783783783783783,0.17567567567567569,0.4864864864864865
q8e5te,halloween kills,0.673469387755102,0.21428571428571427,0.11224489795918367
q8e6nq,the rescue,0.4583333333333333,0.08333333333333333,0.4583333333333333
q3nxg1,lamb,0.41237113402061853,0.31958762886597936,0.26804123711340205
q3nxrk,there's someone inside your house,0.8292682926829268,0.07317073170731707,0.0975609756097561
pzhaqd,the many saints of newark,0.5684210526315789,0.25263157894736843,0.17894736842105263
pyyegn,titane,0.44329896907216493,0.14432989690721648,0.41237113402061853
pyye2k,the addams family 2,0.4230769230769231,0.19230769230769232,0.38461538461538464
pua4qe,the guilty,0.5567010309278351,0.15463917525773196,0.28865979381443296
pua3t4,dear evan hansen,0.6344086021505376,0.1827956989247312,0.1827956989247312
pua3al,the eyes of tammy faye,0.32608695652173914,0.15217391304347827,0.5217391304347826
pua4ao,blue bayou,0.4,0.08,0.52
pqdhau,cry macho,0.494949494949495,0.2828282828282828,0.2222222222222222
ppripj,prisoners of the ghostland,0.4,0.2,0.4
ppric1,copshop,0.4482758620689655,0.1724137931034483,0.3793103448275862
plx1o8,queenpins,0.38461538461538464,0.15384615384615385,0.46153846153846156
plx1ab,kate,0.3711340206185567,0.15463917525773196,0.4742268041237113
plx0t1,malignant,0.40404040404040403,0.18181818181818182,0.41414141414141414
plccrz,cinderella,0.6216216216216216,0.14864864864864866,0.22972972972972974
plcc7a,worth,0.5,0.3125,0.1875
plcbic,the card counter,0.5353535353535354,0.1919191919191919,0.2727272727272727
pgw0wk,shang-chi and the legend of the ten rings,0.1702127659574468,0.18085106382978725,0.648936170212766
pd1zwh,vacation friends,0.18181818181818182,0.1919191919191919,0.6262626262626263
pd205y,demonic,0.7586206896551724,0.10344827586206896,0.13793103448275862
pcdv8d,candyman,0.550561797752809,0.12359550561797752,0.3258426966292135
p8g1m0,reminiscence,0.52,0.23,0.25
p8g2n4,paw patrol: the movie,0.2692307692307692,0.23076923076923078,0.5
p8fnnq,annette,0.3974358974358974,0.16666666666666666,0.4358974358974359
p8fjiu,sweet girl,0.6288659793814433,0.18556701030927836,0.18556701030927836
p7tbsl,the night house,0.4,0.23157894736842105,0.3684210526315789
p7tc75,the protégé,0.625,0.16666666666666666,0.20833333333333334
p3ztri,coda,0.15,0.16,0.69
p3zstd,beckett,0.4583333333333333,0.23958333333333334,0.3020833333333333
p3ebrt,free guy,0.26,0.21,0.53
p3ec3y,don't breathe 2,0.43617021276595747,0.3617021276595745,0.20212765957446807
p3ecdd,respect,0.30303030303030304,0.21212121212121213,0.48484848484848486
oyxaam,the suicide squad,0.28125,0.19791666666666666,0.5208333333333334
oubhkm,the green knight,0.5319148936170213,0.2127659574468085,0.2553191489361702
oubf1k,jungle cruise,0.3473684210526316,0.28421052631578947,0.3684210526315789
oqy33c,trollhunters: rise of the titans,0.5,0.16666666666666666,0.3333333333333333
oqy06h,blood red sky,0.4166666666666667,0.16666666666666666,0.4166666666666667
opsho7,jolt,0.5223880597014925,0.14925373134328357,0.3283582089552239
opsh86,val,0.15384615384615385,0.3076923076923077,0.5384615384615384
opsgtg,old,0.5612244897959183,0.2653061224489796,0.17346938775510204
opsga7,snake eyes,0.5,0.1702127659574468,0.32978723404255317
om7s20,pig,0.16326530612244897,0.25510204081632654,0.5816326530612245
oltax3,roadrunner: a film about anthony bourdain,0.36585365853658536,0.3170731707317073,0.3170731707317073
oltaar,escape room: tournament of champions,0.3979591836734694,0.29591836734693877,0.30612244897959184
olt9y3,space jam: a new legacy,0.3723404255319149,0.32978723404255317,0.2978723404255319
olt9gx,fear street: part three - 1666,0.32608695652173914,0.21739130434782608,0.45652173913043476
ol2n65,gunpowder milkshake,0.5670103092783505,0.13402061855670103,0.29896907216494845
ohaa79,fear street: part two - 1978,0.30303030303030304,0.21212121212121213,0.48484848484848486
oglqv8,black widow,0.3473684210526316,0.3473684210526316,0.30526315789473685
oglqm4,werewolves within,0.25806451612903225,0.1935483870967742,0.5483870967741935
ocet2k,"summer of soul (...or, when the revolution could not be televised)",0.08823529411764706,0.14705882352941177,0.7647058823529411
ocery5,fear street: part one - 1994,0.6122448979591837,0.20408163265306123,0.1836734693877551
ocelue,the tomorrow war,0.6086956521739131,0.25,0.14130434782608695
oc1im1,no sudden move,0.3673469387755102,0.2755102040816326,0.35714285714285715
oc1ib5,the boss baby 2: family business,0.10810810810810811,0.2972972972972973,0.5945945945945946
oc1hue,the forever purge,0.4375,0.22916666666666666,0.3333333333333333
oc1h0l,zola,0.37362637362637363,0.15384615384615385,0.4725274725274725
oc1gcg,the ice road,0.6176470588235294,0.16176470588235295,0.22058823529411764
oc1fsl,america: the motion picture,0.46938775510204084,0.1326530612244898,0.3979591836734694
oc1f83,false positive,0.7222222222222222,0.16666666666666666,0.1111111111111111
o7e258,f9: the fast saga,0.29591836734693877,0.3163265306122449,0.3877551020408163
o34eyh,luca,0.2127659574468085,0.19148936170212766,0.5957446808510638
o2ei2l,the sparks brothers,0.07142857142857142,0.07142857142857142,0.8571428571428571
o2ej5a,hitman's wife's bodyguard,0.42857142857142855,0.22448979591836735,0.3469387755102041
nyecih,awake,0.6,0.18,0.22
nyeajv,peter rabbit 2: the runaway,0.17647058823529413,0.29411764705882354,0.5294117647058824
nx3jdq,in the heights,0.12359550561797752,0.21348314606741572,0.6629213483146067
nsj2gg,the conjuring: the devil made me do it,0.5104166666666666,0.17708333333333334,0.3125
nsj230,spirit untamed,0.3,0.1,0.6
nsj1ko,sailor moon eternal,0.3333333333333333,0.2916666666666667,0.375
nmnybx,cruella,0.26804123711340205,0.15463917525773196,0.5773195876288659
ni8c3t,riders of justice,0.2727272727272727,0.13636363636363635,0.5909090909090909
ncomky,army of the dead,0.5638297872340425,0.24468085106382978,0.19148936170212766
ncolxy,oxygen,0.3050847457627119,0.3389830508474576,0.3559322033898305
ncole0,the woman in the window,0.5625,0.22916666666666666,0.20833333333333334
ncokoe,those who wish me dead,0.6041666666666666,0.23958333333333334,0.15625
nbyiaw,spiral,0.5052631578947369,0.21052631578947367,0.28421052631578947
n84a0s,about endlessness,0.6666666666666666,0.0,0.3333333333333333
n847d3,here today,0.4444444444444444,0.0,0.5555555555555556
n8441u,monster,0.2,0.4,0.4
n1yicn,the mitchells vs the machines,0.27956989247311825,0.11827956989247312,0.6021505376344086
n1y4xd,without remorse,0.7472527472527473,0.18681318681318682,0.06593406593406594
n1y0dh,separation,0.6,0.25,0.15
n1xugr,the virtuoso,0.5555555555555556,0.3333333333333333,0.1111111111111111
n1xpny,we broke up,0.16666666666666666,0.0,0.8333333333333334
mx2dyn,demon slayer the movie: mugen train,0.28125,0.22916666666666666,0.4895833333333333
mnwuau,thunder force,0.5252525252525253,0.1414141414141414,0.3333333333333333
mnwrj5,voyagers,0.5833333333333334,0.2833333333333333,0.13333333333333333
mnwp34,city of lies,0.42857142857142855,0.5714285714285714,0.0
mnwmd5,shiva baby,0.30303030303030304,0.18181818181818182,0.5151515151515151
miz8dl,the unholy,0.5813953488372093,0.2558139534883721,0.16279069767441862
miz5qz,concrete cowboy,0.37037037037037035,0.07407407407407407,0.5555555555555556
miz3m9,the father,0.336734693877551,0.16326530612244897,0.5
mhdlxn,godzilla vs. kong,0.35051546391752575,0.36082474226804123,0.28865979381443296
me44dl,bad trip,0.2708333333333333,0.1875,0.5416666666666666
me41jq,tina,0.0,0.5,0.5
m7y4se,zack snyder's justice league,0.3711340206185567,0.422680412371134,0.20618556701030927
m4chnh,cherry,0.45263157894736844,0.16842105263157894,0.37894736842105264
m4cnqg,boss level,0.30434782608695654,0.17391304347826086,0.5217391304347826
m4cu4n,kid 90,0.35714285714285715,0.21428571428571427,0.42857142857142855
m4cqvw,own the room,0.0,0.0,1.0
lyj52m,raya and the last dragon,0.4270833333333333,0.23958333333333334,0.3333333333333333
lyjri3,coming 2 america,0.5625,0.15625,0.28125
lyjb21,moxie,0.5901639344262295,0.14754098360655737,0.26229508196721313
lyjmq1,chaos walking,0.4714285714285714,0.2714285714285714,0.2571428571428571
lyizxz,the mauritanian,0.2777777777777778,0.2222222222222222,0.5
lyji1j,the spongebob movie: sponge on the run,0.4358974358974359,0.20512820512820512,0.358974358974359
ltduhn,tom & jerry,0.47474747474747475,0.21212121212121213,0.31313131313131315
ltdr45,the girl on the train,0.5,0.3,0.2
ltdmra,the united states vs. billie holiday,0.43478260869565216,0.17391304347826086,0.391304347826087
lnwli1,minari,0.2,0.17894736842105263,0.6210526315789474
lnwf4n,saint maud,0.328125,0.21875,0.453125
lnws77,flora & ulysses,0.1875,0.125,0.6875
lnwobt,supernova,0.1111111111111111,0.0,0.8888888888888888
lj1cfb,judas and the black messiah,0.3157894736842105,0.21052631578947367,0.47368421052631576
lj1x64,willy's wonderland,0.4583333333333333,0.15625,0.3854166666666667
lj1hcy,barb and star go to vista del mar,0.2828282828282828,0.1414141414141414,0.5757575757575758
lj1nve,to all the boys: always and forever,0.3728813559322034,0.1864406779661017,0.4406779661016949
lj22ba,the map of tiny perfect things,0.18,0.2,0.62
le4g5c,malcolm & marie,0.5520833333333334,0.19791666666666666,0.25
ldxyuh,space sweepers,0.3473684210526316,0.21052631578947367,0.4421052631578947
le4da6,earwig and the witch,0.5294117647058824,0.21176470588235294,0.25882352941176473
ldxwd6,bliss,0.3875,0.4,0.2125
ldxu57,the little things,0.5487804878048781,0.2073170731707317,0.24390243902439024
ldy0zz,little fish,0.19230769230769232,0.38461538461538464,0.4230769230769231
l8csqw,the dig,0.2903225806451613,0.1774193548387097,0.532258064516129
l8cpse,psycho goreman,0.3225806451612903,0.16129032258064516,0.5161290322580645
l8cv4p,palmer,0.20689655172413793,0.13793103448275862,0.6551724137931034
l8cmuz,our friend,0.32,0.16,0.52
l8cjmk,born a champion,0.0,0.25,0.75
kzkztq,outside the wire,0.640625,0.203125,0.15625
ky9dxl,the marksman,0.2857142857142857,0.2857142857142857,0.42857142857142855
ky99wj,locked down,0.5294117647058824,0.2549019607843137,0.21568627450980393
ky96b8,one night in miami...,0.1267605633802817,0.1267605633802817,0.7464788732394366
ky931c,pieces of a woman,0.5510204081632653,0.16326530612244897,0.2857142857142857
kue98u,the dry,0.3076923076923077,0.11538461538461539,0.5769230769230769
kkvhmi,the croods: a new age,0.16,0.04,0.8
kkbfme,news of the world,0.28846153846153844,0.3076923076923077,0.40384615384615385
kkbfb3,we can be heroes,0.3466666666666667,0.25333333333333335,0.4
kkbeha,promising young woman,0.45161290322580644,0.13978494623655913,0.40860215053763443
kkbe0l,sylvie's love,0.625,0.125,0.25
kkbdpg,wonder woman 1984,0.574468085106383,0.3191489361702128,0.10638297872340426
kkbd5s,soul,0.20212765957446807,0.24468085106382978,0.5531914893617021
kg0p48,monster hunter,0.5543478260869565,0.11956521739130435,0.32608695652173914
kg0mem,education,0.4,0.1,0.5
kg0k8n,another round,0.14814814814814814,0.14814814814814814,0.7037037037037037
kg0hya,ma rainey's black bottom,0.19767441860465115,0.27906976744186046,0.5232558139534884
kcptp8,alex wheatle,0.4,0.2,0.4
kcprar,the midnight sky,0.7010309278350515,0.13402061855670103,0.16494845360824742
kcpovo,let them all talk,0.4074074074074074,0.2222222222222222,0.37037037037037035
kcpmno,wolfwalkers,0.13513513513513514,0.13513513513513514,0.7297297297297297
kcpk6b,the prom,0.5178571428571429,0.125,0.35714285714285715
k88jjg,godmothered,0.37037037037037035,0.25925925925925924,0.37037037037037035
k88g3w,"red, white and blue",0.0,0.1,0.9
k6zxdq,mank,0.43157894736842106,0.22105263157894736,0.3473684210526316
k6zpgv,black bear,0.36764705882352944,0.29411764705882354,0.3382352941176471
k6zn1z,ammonite,0.4838709677419355,0.2903225806451613,0.22580645161290322
k6zkca,sound of metal,0.21052631578947367,0.15789473684210525,0.631578947368421
k4c9oz,lovers rock,0.21739130434782608,0.08695652173913043,0.6956521739130435
k4c57u,superintelligence,0.25,0.1875,0.5625
k2cw7b,fatman,0.22580645161290322,0.1935483870967742,0.5806451612903226
k2ctta,happiest season,0.48936170212765956,0.1702127659574468,0.3404255319148936
k2cra9,the christmas chronicles: part two,0.6511627906976745,0.16279069767441862,0.18604651162790697
k2co55,hillbilly elegy,0.6,0.1,0.3
jz6pq6,mangrove,0.1111111111111111,0.2222222222222222,0.6666666666666666
jxw9nf,run,0.25287356321839083,0.1839080459770115,0.5632183908045977
jxw3mc,jingle jangle: a christmas journey,0.5333333333333333,0.16666666666666666,0.3
jxw0ao,freaky,0.34177215189873417,0.17721518987341772,0.4810126582278481
jxvx71,let him go,0.23529411764705882,0.2647058823529412,0.5
jpj8ib,come play,0.36363636363636365,0.2727272727272727,0.36363636363636365
jpj6go,kindred,1.0,0.0,0.0
jpj3v5,synchronic,0.4642857142857143,0.30952380952380953,0.2261904761904762
jhkxqd,over the moon,0.23529411764705882,0.20588235294117646,0.5588235294117647
jhl189,bad hair,0.2857142857142857,0.21428571428571427,0.5
jgej25,borat subsequent moviefilm,0.3645833333333333,0.17708333333333334,0.4583333333333333
jgfimy,the witches,0.5,0.32222222222222224,0.17777777777777778
jgg44d,rebecca,0.5740740740740741,0.2037037037037037,0.2222222222222222
jdshnp,david byrne's american utopia,0.10344827586206896,0.20689655172413793,0.6896551724137931
jds97p,clouds,0.0,0.14285714285714285,0.8571428571428571
jcmz8u,the wolf of snow hollow,0.1875,0.3125,0.5
jcmxd5,yellow rose,0.2,0.2,0.6
jcmuz5,the war with grandpa,0.18181818181818182,0.18181818181818182,0.6363636363636364
jcmsvw,love and monsters,0.1111111111111111,0.1414141414141414,0.7474747474747475
jcmq8s,the trial of the chicago 7,0.2978723404255319,0.10638297872340426,0.5957446808510638
j8wp57,books of blood,0.7142857142857143,0.0,0.2857142857142857
j8wlq5,spontaneous,0.37037037037037035,0.25925925925925924,0.37037037037037035
j7rfcw,hubie halloween,0.336734693877551,0.1326530612244898,0.5306122448979592
j7r5di,possessor,0.40425531914893614,0.23404255319148937,0.3617021276595745
j7rern,on the rocks,0.44,0.2,0.36
j7rf2f,save yourselves!,0.4827586206896552,0.2413793103448276,0.27586206896551724
j45vdp,the boys in the band,0.3235294117647059,0.08823529411764706,0.5882352941176471
j45y16,2067,0.7222222222222222,0.1111111111111111,0.16666666666666666
izsip5,kajillionaire,0.36363636363636365,0.21212121212121213,0.42424242424242425
izsfgu,ava,0.7291666666666666,0.14583333333333334,0.125
iyme06,enola holmes,0.4479166666666667,0.10416666666666667,0.4479166666666667
ivk4z0,antebellum,0.65625,0.11458333333333333,0.22916666666666666
ivk8a9,the nest,0.5714285714285714,0.09523809523809523,0.3333333333333333
iu19h6,the devil all the time,0.26804123711340205,0.24742268041237114,0.4845360824742268
ir4o2y,the babysitter: killer queen,0.3763440860215054,0.1827956989247312,0.44086021505376344
ir4oav,cuties,0.7435897435897436,0.21794871794871795,0.038461538461538464
ir4nf4,unpregnant,0.2,0.13333333333333333,0.6666666666666666
imqf5b,i'm thinking of ending things,0.5119047619047619,0.32142857142857145,0.16666666666666666
imqeot,mulan,0.5697674418604651,0.27906976744186046,0.1511627906976744
im7etj,tenet,0.5212765957446809,0.2872340425531915,0.19148936170212766
im7e0z,the personal history of david copperfield,0.1875,0.15625,0.65625
ii0916,bill & ted face the music,0.25842696629213485,0.16853932584269662,0.5730337078651685
ii09vp,the new mutants,0.3469387755102041,0.21428571428571427,0.4387755102040816
ii0c9z,phineas and ferb the movie: candace against the universe,0.07407407407407407,0.25925925925925924,0.6666666666666666
ieqn5i,project power,0.5205479452054794,0.1643835616438356,0.3150684931506849
ieqpdo,unhinged,0.6521739130434783,0.06521739130434782,0.2826086956521739
ieqojz,the one and only ivan,0.2777777777777778,0.2777777777777778,0.4444444444444444
ieqpwp,peninsula,0.40350877192982454,0.19298245614035087,0.40350877192982454
ieqoxw,tesla,0.5909090909090909,0.22727272727272727,0.18181818181818182
i5csmq,an american pickle,0.32989690721649484,0.2268041237113402,0.44329896907216493
i5cvn0,she dies tomorrow,0.5576923076923077,0.11538461538461539,0.3269230769230769
i5czxw,the tax collector,0.723404255319149,0.1276595744680851,0.14893617021276595
i5d39s,waiting for the barbarians,0.4,0.25,0.35
i16usz,black is king,0.25806451612903225,0.12903225806451613,0.6129032258064516
i16o3w,"yes, god, yes",0.23684210526315788,0.21052631578947367,0.5526315789473685
i16jvd,first cow,0.36363636363636365,0.13636363636363635,0.5
hontcw,palm springs,0.06315789473684211,0.2631578947368421,0.6736842105263158
honmc6,the old guard,0.44329896907216493,0.15463917525773196,0.4020618556701031
honi72,greyhound,0.3263157894736842,0.14736842105263157,0.5263157894736842
hkm7e5,hamilton,0.14432989690721648,0.18556701030927836,0.6701030927835051
hgxeio,my spy,0.13636363636363635,0.13636363636363635,0.7272727272727273
hgx7p8,irresistible,0.4473684210526316,0.13157894736842105,0.42105263157894735
hgwwfk,eurovision song contest: the story of fire saga,0.1595744680851064,0.18085106382978725,0.6595744680851063
hgwqpd,a whisker away,0.16666666666666666,0.16666666666666666,0.6666666666666666
hgwejg,365 days,0.7777777777777778,0.1111111111111111,0.1111111111111111
h7arb8,shirley,0.3,0.15,0.55
h7anh6,the king of staten island,0.23157894736842105,0.1368421052631579,0.631578947368421
h7ailm,da 5 bloods,0.5604395604395604,0.16483516483516483,0.27472527472527475
h7adhj,artemis fowl,0.7555555555555555,0.18888888888888888,0.05555555555555555
gp88ts,the trip to greece,0.0,0.375,0.625
gp8bjq,the lovebirds,0.391304347826087,0.11956521739130435,0.4891304347826087
gkfd18,scoob!,0.46236559139784944,0.3118279569892473,0.22580645161290322
giek1t,capone,0.5806451612903226,0.26881720430107525,0.15053763440860216
g7dlvp,extraction,0.24731182795698925,0.25806451612903225,0.4946236559139785
g7dsrs,guns akimbo,0.5319148936170213,0.1276595744680851,0.3404255319148936
g7e4iy,true history of the kelly gang,0.5294117647058824,0.17647058823529413,0.29411764705882354
g7ep2k,the willoughbys,0.3076923076923077,0.07692307692307693,0.6153846153846154
g96er9,bad education,0.23076923076923078,0.25,0.5192307692307693
fykrw8,the platform,0.5409836065573771,0.32786885245901637,0.13114754098360656
fyk1xa,blow the man down,0.30434782608695654,0.17391304347826086,0.5217391304347826
fyk6mu,never rarely sometimes always,0.2727272727272727,0.15151515151515152,0.5757575757575758
fykcv7,trolls 2: world tour,0.2872340425531915,0.23404255319148937,0.4787234042553192
fykhap,swallow,0.3103448275862069,0.1724137931034483,0.5172413793103449
fht3jn,i still believe,0.75,0.125,0.125
fhu37b,the jesus rolls,0.6,0.26666666666666666,0.13333333333333333
fhsy3h,the hunt,0.32989690721649484,0.13402061855670103,0.5360824742268041
fhsq77,bloodshot,0.336734693877551,0.29591836734693877,0.3673469387755102
fe2xer,the way back,0.19230769230769232,0.23076923076923078,0.5769230769230769
fe31nf,spenser confidential,0.45263157894736844,0.2631578947368421,0.28421052631578947
fe2tjr,onward,0.2828282828282828,0.10101010101010101,0.6161616161616161
fe25pa,emma.,0.14444444444444443,0.1111111111111111,0.7444444444444445
fafzx3,portrait of a lady on fire,0.22448979591836735,0.17346938775510204,0.6020408163265306
fafwsf,the invisible man,0.28865979381443296,0.21649484536082475,0.4948453608247423
fafrel,color out of space,0.3469387755102041,0.14285714285714285,0.5102040816326531
f7aqro,the lodge,0.6703296703296703,0.1978021978021978,0.13186813186813187
f737d1,the last thing he wanted,0.7727272727272727,0.11363636363636363,0.11363636363636363
f734rw,the call of the wild,0.25925925925925924,0.2962962962962963,0.4444444444444444
f732hn,brahms: the boy ii,0.5471698113207547,0.3018867924528302,0.1509433962264151
f3dkms,downhill,0.5961538461538461,0.21153846153846154,0.19230769230769232
f3dsbo,fantasy island,0.5483870967741935,0.22580645161290322,0.22580645161290322
f3dxie,the photograph,0.2608695652173913,0.17391304347826086,0.5652173913043478
f3e21c,sonic the hedgehog,0.2127659574468085,0.2553191489361702,0.5319148936170213
f3cz0t,to all the boys: p.s. i still love you,0.44642857142857145,0.2857142857142857,0.26785714285714285
f04hkd,horse girl,0.4606741573033708,0.29213483146067415,0.24719101123595505
f047qa,birds of prey,0.35714285714285715,0.15306122448979592,0.4897959183673469
ew8s9k,the rhythm section,0.4791666666666667,0.3541666666666667,0.16666666666666666
ew8ol8,the last full measure,0.5555555555555556,0.0,0.4444444444444444
ew8j75,gretel & hansel,0.4946236559139785,0.22580645161290322,0.27956989247311825
esvogs,the turning,0.6666666666666666,0.1875,0.14583333333333334
esvjmz,the gentlemen,0.2268041237113402,0.21649484536082475,0.5567010309278351
epu0qu,weathering with you,0.30526315789473685,0.14736842105263157,0.5473684210526316
eptwbb,dolittle,0.5773195876288659,0.28865979381443296,0.13402061855670103
eptsog,bad boys for life,0.2653061224489796,0.17346938775510204,0.5612244897959183
emi5z3,1917,0.31313131313131315,0.20202020202020202,0.48484848484848486
emif0p,like a boss,0.37777777777777777,0.17777777777777778,0.4444444444444444
emiafn,just mercy,0.16923076923076924,0.16923076923076924,0.6615384615384615
emii5v,underwater,0.22105263157894736,0.23157894736842105,0.5473684210526316
ej1r13,the grudge,0.7340425531914894,0.1702127659574468,0.09574468085106383
ef4z7u,little women,0.26595744680851063,0.1276595744680851,0.6063829787234043
ef5czo,spies in disguise,0.1875,0.25,0.5625
ef4qsw,uncut gems,0.3793103448275862,0.22988505747126436,0.39080459770114945
ef4mtn,john mulaney & the sack lunch bunch,0.15714285714285714,0.21428571428571427,0.6285714285714286
edeylh,togo,0.21333333333333335,0.16,0.6266666666666667
ed3jf2,the two popes,0.11494252873563218,0.3218390804597701,0.5632183908045977
ed3a6g,star wars: episode ix - the rise of skywalker,0.42391304347826086,0.40217391304347827,0.17391304347826086
ed3doh,cats,0.5056179775280899,0.2696629213483146,0.2247191011235955
ed3giv,bombshell,0.3894736842105263,0.21052631578947367,0.4
e9qypy,richard jewell,0.40860215053763443,0.1935483870967742,0.3978494623655914
e9nzp9,6 underground,0.6129032258064516,0.16129032258064516,0.22580645161290322
e9o399,black christmas,0.723404255319149,0.14893617021276595,0.1276595744680851
e9pgvc,jumanji: the next level,0.1276595744680851,0.32978723404255317,0.5425531914893617
e6zttw,dark waters,0.38571428571428573,0.24285714285714285,0.37142857142857144
e6l8bc,marriage story,0.3020833333333333,0.20833333333333334,0.4895833333333333
e6lmru,waves,0.27380952380952384,0.16666666666666666,0.5595238095238095
e6ljx5,playmobil: the movie,0.3125,0.40625,0.28125
e6lee9,the report,0.4117647058823529,0.08823529411764706,0.5
e2149d,the irishman,0.34375,0.28125,0.375
e21f3l,queen & slim,0.44086021505376344,0.25806451612903225,0.3010752688172043
e21a17,knives out,0.14432989690721648,0.32989690721649484,0.5257731958762887
dzlju6,frozen ii,0.30526315789473685,0.30526315789473685,0.3894736842105263
dzlep9,a beautiful day in the neighborhood,0.23711340206185566,0.20618556701030927,0.5567010309278351
dzl7nz,21 bridges,0.3711340206185567,0.18556701030927836,0.44329896907216493
dws9et,klaus,0.08247422680412371,0.09278350515463918,0.8247422680412371
dvtzcy,charlie's angels,0.5161290322580645,0.20430107526881722,0.27956989247311825
dvu5es,ford v ferrari,0.19791666666666666,0.19791666666666666,0.6041666666666666
dvuao3,the good liar,0.4186046511627907,0.23255813953488372,0.3488372093023256
dvulya,lady and the tramp,0.3064516129032258,0.3064516129032258,0.3870967741935484
dvvc98,noelle,0.2826086956521739,0.17391304347826086,0.5434782608695652
dt2epn,playing with fire,0.5526315789473685,0.23684210526315788,0.21052631578947367
dt0v6z,last christmas,0.3010752688172043,0.3118279569892473,0.3870967741935484
dt104t,midway,0.4835164835164835,0.16483516483516483,0.3516483516483517
dt0h5f,doctor sleep,0.19387755102040816,0.17346938775510204,0.6326530612244898
dprx6w,the king,0.13186813186813187,0.14285714285714285,0.7252747252747253
dpsa6a,terminator: dark fate,0.5111111111111111,0.3,0.18888888888888888
dps3xy,parasite,0.28888888888888886,0.36666666666666664,0.34444444444444444
dps11v,motherless brooklyn,0.3493975903614458,0.20481927710843373,0.4457831325301205
dpqt2y,jojo rabbit,0.25263157894736843,0.15789473684210525,0.5894736842105263
dpqouw,harriet,0.4666666666666667,0.2,0.3333333333333333
dpqlty,arctic dogs,0.375,0.4375,0.1875
dmicfu,dolemite is my name,0.1326530612244898,0.15306122448979592,0.7142857142857143
dmidcu,black and blue,0.5172413793103449,0.13793103448275862,0.3448275862068966
dmikzl,the current war: director's cut,0.23076923076923078,0.2692307692307692,0.5
dmir2v,countdown,0.42105263157894735,0.21052631578947367,0.3684210526315789
dmjs2m,the lighthouse,0.38144329896907214,0.1958762886597938,0.422680412371134
djb0k1,the laundromat,0.55,0.1875,0.2625
djaw82,little monsters,0.4090909090909091,0.13636363636363635,0.45454545454545453
djb2u3,maleficent: mistress of evil,0.46236559139784944,0.15053763440860216,0.3870967741935484
djbgn2,zombieland: double tap,0.2872340425531915,0.23404255319148937,0.4787234042553192
dgpkzq,mister america,0.1875,0.3125,0.5
dfz6t2,el camino: a breaking bad movie,0.26595744680851063,0.32978723404255317,0.40425531914893614
dfzaes,judy,0.3333333333333333,0.18181818181818182,0.48484848484848486
dfz9sh,jexi,0.46938775510204084,0.1836734693877551,0.3469387755102041
dfz8au,gemini man,0.3979591836734694,0.15306122448979592,0.4489795918367347
dfz5z8,the addams family,0.3770491803278688,0.14754098360655737,0.47540983606557374
dd0ynj,joker,0.3917525773195876,0.29896907216494845,0.30927835051546393
d97731,abominable,0.22857142857142856,0.2857142857142857,0.4857142857142857
d6w4lj,between two ferns: the movie,0.2717391304347826,0.10869565217391304,0.6195652173913043
d6o37u,ad astra,0.3522727272727273,0.29545454545454547,0.3522727272727273
d6o3iv,rambo: last blood,0.425531914893617,0.23404255319148937,0.3404255319148936
d6o3sm,downton abbey,0.22535211267605634,0.23943661971830985,0.5352112676056338
d3hpym,hustlers,0.34444444444444444,0.18888888888888888,0.4666666666666667
d3htrg,the goldfinch,0.46808510638297873,0.1702127659574468,0.3617021276595745
d07sbm,it chapter two,0.3877551020408163,0.2755102040816326,0.336734693877551
cx8tp0,the peanut butter falcon,0.15306122448979592,0.12244897959183673,0.7244897959183674
ctqlla,angel has fallen,0.3333333333333333,0.23958333333333334,0.4270833333333333
ctqr4z,ready or not,0.23157894736842105,0.22105263157894736,0.5473684210526316
cqzfam,blinded by the light,0.2857142857142857,0.11428571428571428,0.6
cr0f57,invader zim: enter the florpus,0.21649484536082475,0.16494845360824742,0.6185567010309279
cqzhpz,good boys,0.20833333333333334,0.17708333333333334,0.6145833333333334
cqz48p,47 meters down: uncaged,0.5441176470588235,0.2647058823529412,0.19117647058823528
cqzkep,"where'd you go, bernadette",0.30303030303030304,0.3333333333333333,0.36363636363636365
cnuqji,dora and the lost city of gold,0.10869565217391304,0.2717391304347826,0.6195652173913043
cnum7k,the art of racing in the rain,0.275,0.275,0.45
cnuxhz,scary stories to tell in the dark,0.45161290322580644,0.21505376344086022,0.3333333333333333
cnusw0,the kitchen,0.6111111111111112,0.14814814814814814,0.24074074074074073
ckwhml,the farewell,0.1827956989247312,0.16129032258064516,0.6559139784946236
ckwlgg,fast & furious presents: hobbs & shaw,0.2653061224489796,0.3469387755102041,0.3877551020408163
chmnpn,the art of self-defense,0.2222222222222222,0.15151515151515152,0.6262626262626263
chmknk,once upon a time... in hollywood,0.3125,0.2604166666666667,0.4270833333333333
cew5fw,the lion king,0.5806451612903226,0.23655913978494625,0.1827956989247312
cc1o4m,the last black man in san francisco,0.14,0.26,0.6
cc1im7,stuber,0.27,0.09,0.64
cc1p59,crawl,0.3368421052631579,0.22105263157894736,0.4421052631578947
c7y18a,midsommar,0.3894736842105263,0.28421052631578947,0.3263157894736842
c7xhmz,spider-man: far from home,0.19148936170212766,0.2978723404255319,0.5106382978723404
c5jo10,annabelle comes home,0.24210526315789474,0.28421052631578947,0.47368421052631576
c2ntqo,toy story 4,0.22105263157894736,0.25263157894736843,0.5263157894736842
c2nokl,child's play,0.30526315789473685,0.16842105263157894,0.5263157894736842
c2nl3e,anna,0.3157894736842105,0.25263157894736843,0.43157894736842106
c0dqkf,shaft,0.21794871794871795,0.19230769230769232,0.5897435897435898
c0dh8o,men in black: international,0.6129032258064516,0.1935483870967742,0.1935483870967742
c0dnva,late night,0.3170731707317073,0.14634146341463414,0.5365853658536586
c0djtk,the dead don't die,0.53125,0.17708333333333334,0.2916666666666667
bzclyb,rolling thunder revue,0.13636363636363635,0.22727272727272727,0.6363636363636364
bxi6qu,x-men: dark phoenix,0.43333333333333335,0.25555555555555554,0.3111111111111111
bxiinq,always be my maybe,0.23232323232323232,0.1111111111111111,0.6565656565656566
bumolk,godzilla: king of the monsters,0.3191489361702128,0.3191489361702128,0.3617021276595745
bumz7b,rocketman,0.16129032258064516,0.1827956989247312,0.6559139784946236
bumrht,ma,0.4895833333333333,0.22916666666666666,0.28125
bs6swu,brightburn,0.574468085106383,0.26595744680851063,0.1595744680851064
bs6w7x,booksmart,0.22826086956521738,0.13043478260869565,0.6413043478260869
bs6oiv,aladdin,0.24468085106382978,0.2872340425531915,0.46808510638297873
bp1pmy,see you yesterday,0.7422680412371134,0.14432989690721648,0.1134020618556701
bp20f1,john wick: chapter 3 - parabellum,0.25263157894736843,0.2,0.5473684210526316
bmbnh5,wine country,0.525,0.2,0.275
bmeipj,tolkien,0.24390243902439024,0.2926829268292683,0.4634146341463415
bmbszu,pokémon detective pikachu,0.1836734693877551,0.2755102040816326,0.5408163265306123
bk37i1,uglydolls,0.5555555555555556,0.25925925925925924,0.18518518518518517
bk33g1,long shot,0.1414141414141414,0.21212121212121213,0.6464646464646465
bk35hv,the intruder,0.5576923076923077,0.17307692307692307,0.2692307692307692
bh8iei,avengers: endgame,0.19148936170212766,0.3351063829787234,0.4734042553191489
bh8lpn,high life,0.5540540540540541,0.21621621621621623,0.22972972972972974
beh35d,under the silver lake,0.23157894736842105,0.18947368421052632,0.5789473684210527
begw0j,the curse of la llorona,0.5,0.22448979591836735,0.2755102040816326
bc0zij,missing link,0.265625,0.125,0.609375
bc0tsl,little,0.4444444444444444,0.07407407407407407,0.48148148148148145
bc0pto,hellboy,0.6236559139784946,0.12903225806451613,0.24731182795698925
bc0mfw,after,0.7058823529411765,0.17647058823529413,0.11764705882352941
bbvo53,the man who killed don quixote,0.2537313432835821,0.3283582089552239,0.417910447761194
b94kw0,unicorn store,0.25263157894736843,0.1368421052631579,0.6105263157894737
b94c5i,shazam!,0.20833333333333334,0.22916666666666666,0.5625
b94d8c,pet sematary,0.5604395604395604,0.25274725274725274,0.18681318681318682
b763vf,hotel mumbai,0.46551724137931033,0.25862068965517243,0.27586206896551724
b6x4xl,the highwaymen,0.3023255813953488,0.1744186046511628,0.5232558139534884
b6kp6u,dumbo,0.44329896907216493,0.13402061855670103,0.422680412371134
b6kmo7,the beach bum,0.3673469387755102,0.20408163265306123,0.42857142857142855
b46hzp,dragged across concrete,0.25842696629213485,0.1348314606741573,0.6067415730337079
b3qwqv,the dirt,0.2978723404255319,0.13829787234042554,0.5638297872340425
b3r0xq,us,0.2978723404255319,0.43617021276595747,0.26595744680851063
b17s5l,captive state,0.49473684210526314,0.24210526315789474,0.2631578947368421
b17u86,five feet apart,0.3137254901960784,0.3137254901960784,0.37254901960784315
b17y2h,wonder park,0.3076923076923077,0.38461538461538464,0.3076923076923077
ayi9ct,triple frontier,0.5154639175257731,0.24742268041237114,0.23711340206185566
ayhuw3,apollo 11,0.11904761904761904,0.23809523809523808,0.6428571428571429
ay9785,captain marvel,0.2765957446808511,0.2978723404255319,0.425531914893617
awcgu4,arctic,0.2916666666666667,0.10416666666666667,0.6041666666666666
